36, 26, 27, 35, 25, 
Distance: 10

36, 26, 27, 38, 28, 46, 22, 
Distance: 11

36, 26, 32, 88, 51, 
Distance: 13

36, 26, 31, 4, 50, 
Distance: 8

36, 26, 32, 88, 
Distance: 10

36, 26, 27, 38, 89, 
Distance: 16

36, 26, 32, 81, 
Distance: 9

36, 26, 87, 
Distance: 10

36, 85, 
Distance: 14

36, 26, 32, 81, 7, 
Distance: 13

36, 26, 31, 4, 50, 1, 39, 
Distance: 13

36, 26, 32, 34, 
Distance: 8

36, 26, 27, 35, 60, 
Distance: 18

36, 26, 31, 4, 64, 
Distance: 20

36, 26, 31, 4, 65, 
Distance: 8

36, 26, 87, 66, 
Distance: 17

36, 26, 31, 4, 12, 67, 
Distance: 13

36, 26, 27, 38, 71, 69, 
Distance: 14

36, 26, 31, 4, 50, 6, 
Distance: 8

36, 26, 31, 4, 50, 6, 40, 41, 77, 95, 
Distance: 11

36, 26, 31, 4, 50, 54, 72, 97, 
Distance: 35

36, 26, 27, 38, 28, 9, 15, 
Distance: 10

36, 26, 32, 14, 5, 17, 
Distance: 13

36, 26, 27, 38, 71, 19, 
Distance: 14

36, 26, 31, 49, 
Distance: 22

36, 26, 44, 47, 
Distance: 15

36, 26, 31, 4, 50, 1, 39, 45, 
Distance: 13

36, 26, 31, 4, 50, 1, 
Distance: 12

36, 26, 32, 14, 5, 
Distance: 12

36, 26, 31, 4, 50, 6, 40, 41, 77, 
Distance: 10

36, 26, 27, 35, 25, 74, 
Distance: 25

36, 26, 31, 4, 12, 67, 73, 
Distance: 31

36, 26, 31, 4, 50, 1, 3, 70, 
Distance: 18

36, 26, 32, 88, 79, 
Distance: 37

36, 26, 32, 34, 58, 78, 
Distance: 10